2 (20, 317)
3 (20, 317)
1 (20, 317)
4 (20, 317)
6 (20, 317)
8 (22, 316)
7 (20, 317)
9 (22, 315)
5 (20, 317)
12 (23, 314)
11 (23, 315)
13 (25, 314)
10 (23, 315)
14 (25, 313)
15 (25, 313)
18 (26, 312)
16 (25, 313)
17 (26, 312)
19 (26, 310)
20 (27, 310)
21 (27, 309)
23 (28, 307)
24 (28, 307)
22 (27, 309)
25 (28, 307)
27 (29, 305)
26 (28, 306)
29 (30, 304)
30 (31, 304)
31 (31, 304)
28 (29, 305)
33 (32, 303)
32 (31, 304)
34 (33, 302)
35 (33, 302)
37 (35, 301)
38 (35, 301)
40 (36, 299)
39 (36, 299)
36 (34, 301)
41 (37, 299)
42 (37, 299)
44 (38, 298)
47 (40, 296)
43 (38, 298)
45 (38, 298)
46 (40, 296)
48 (40, 296)
49 (40, 296)
51 (41, 294)
50 (41, 295)
52 (41, 294)
53 (41, 294)
55 (43, 293)
54 (43, 293)
56 (38, 293)
57 (318, 339)
58 (291, 321)
59 (209, 316)
60 (225, 151)
61 (20, 316)
63 (342, 105)
62 (40, 141)
64 (22, 135)
65 (332, 98)
66 (99, 90)
68 (251, 151)
67 (199, 94)
69 (243, 153)
71 (217, 128)
73 (170, 106)
72 (62, 151)
74 (45, 153)
70 (237, 153)
75 (36, 153)
77 (29, 158)
76 (33, 155)
78 (135, 113)
80 (128, 119)
83 (195, 103)
79 (134, 117)
81 (119, 119)
84 (95, 127)
82 (112, 123)
85 (89, 129)
86 (84, 131)
88 (64, 134)
87 (71, 133)
89 (58, 136)
92 (32, 142)
90 (51, 138)
93 (54, 199)
94 (48, 200)
91 (45, 139)
95 (40, 201)
96 (33, 203)
97 (43, 85)
98 (306, 247)
100 (314, 212)
101 (24, 90)
99 (293, 213)
102 (151, 99)
103 (314, 211)
104 (136, 102)
106 (55, 158)
107 (49, 160)
105 (22, 104)
108 (40, 166)
110 (26, 170)
109 (32, 167)
111 (21, 172)
112 (104, 208)
114 (90, 213)
115 (83, 216)
113 (98, 211)
116 (97, 217)
118 (77, 226)
119 (70, 227)
117 (315, 209)
120 (135, 83)
121 (135, 83)
122 (135, 83)
123 (135, 83)
124 (137, 83)
125 (134, 83)
126 (135, 83)
128 (314, 215)
129 (28, 332)
127 (135, 83)
130 (23, 336)
131 (40, 61)
132 (40, 60)
133 (40, 60)
134 (40, 60)
136 (40, 60)
135 (40, 60)
138 (40, 60)
137 (40, 60)
140 (36, 61)
141 (41, 59)
142 (41, 59)
139 (40, 60)
144 (38, 60)
145 (35, 61)
143 (313, 215)
147 (38, 60)
148 (38, 60)
146 (38, 60)
150 (35, 61)
149 (38, 60)
151 (36, 62)
152 (37, 62)
153 (41, 59)
154 (314, 216)
155 (314, 216)
157 (314, 216)
156 (314, 216)
158 (314, 216)
159 (314, 216)
160 (41, 59)
161 (35, 61)
163 (36, 62)
162 (35, 61)
164 (42, 58)
165 (40, 59)
166 (41, 59)
168 (137, 82)
169 (229, 59)
167 (139, 83)
170 (229, 59)
171 (230, 59)
175 (223, 60)
172 (231, 57)
174 (223, 62)
176 (230, 59)
173 (225, 62)
177 (36, 61)
178 (52, 81)
179 (43, 81)
180 (40, 61)
182 (41, 61)
181 (41, 61)
184 (38, 62)
183 (40, 61)
185 (138, 83)
187 (42, 80)
186 (137, 83)
188 (42, 80)
189 (42, 61)
190 (42, 61)
191 (41, 62)
192 (40, 62)
193 (40, 62)
195 (40, 61)
196 (40, 61)
194 (44, 80)
197 (40, 61)
198 (40, 61)
199 (40, 61)
200 (40, 62)
201 (40, 61)
202 (40, 61)
203 (40, 62)
205 (40, 61)
204 (40, 61)
207 (36, 61)
208 (36, 61)
206 (40, 61)
210 (36, 61)
209 (36, 61)
211 (36, 61)
212 (36, 61)
215 (36, 61)
213 (36, 61)
216 (41, 59)
214 (36, 61)
217 (40, 60)
218 (41, 59)
219 (41, 59)
221 (41, 59)
220 (41, 59)
223 (41, 59)
224 (41, 59)
222 (41, 59)
225 (41, 59)
226 (41, 59)
227 (41, 59)
228 (41, 59)
230 (41, 59)
231 (41, 59)
232 (38, 60)
229 (41, 59)
234 (294, 223)
233 (38, 60)
235 (344, 95)
236 (344, 95)
237 (342, 95)
238 (343, 94)
239 (250, 254)
240 (244, 256)
242 (232, 262)
241 (238, 261)
243 (232, 261)
244 (232, 261)
245 (232, 261)
247 (232, 261)
246 (232, 260)
248 (232, 261)
249 (232, 261)
250 (232, 260)
252 (232, 262)
253 (231, 262)
251 (232, 260)
254 (231, 262)
256 (246, 264)
255 (238, 263)
257 (253, 264)
258 (261, 263)
259 (289, 248)
261 (41, 60)
260 (41, 60)
263 (273, 266)
262 (41, 60)
264 (260, 267)
266 (248, 263)
265 (254, 265)
267 (248, 263)
268 (248, 263)
270 (248, 262)
269 (248, 263)
271 (248, 262)
272 (248, 262)
274 (248, 262)
275 (248, 262)
276 (249, 262)
273 (248, 262)
277 (249, 263)
278 (249, 263)
279 (38, 60)
280 (263, 263)
282 (41, 59)
283 (40, 60)
281 (271, 265)
286 (40, 61)
284 (40, 60)
287 (40, 61)
285 (40, 60)
289 (40, 61)
288 (40, 61)
290 (40, 61)
291 (35, 61)
292 (35, 61)
293 (35, 61)
294 (35, 61)
297 (40, 60)
296 (40, 60)
295 (35, 61)
298 (40, 60)
299 (40, 60)
300 (41, 59)
